NOS: 6
COORDENADAS:
CIDADE: 0 X: 33 Y: 45
CIDADE: 1 X: 90 Y: 86
CIDADE: 2 X: 86 Y: 75
CIDADE: 3 X: 25 Y: 46
CIDADE: 4 X: 60 Y: 86
CIDADE: 5 X: 68 Y: 28
DISTANCIAS:
0, 70.21395872616783, 60.90155991434045, 8.06225774829855, 49.09175083453431, 38.91015291668744
70.21395872616783, 0, 11.704699910719626, 76.32168761236873, 30.0, 62.03224967708329
60.90155991434045, 11.704699910719626, 0, 67.54257916307313, 28.231188426986208, 50.32891812864648
8.06225774829855, 76.32168761236873, 67.54257916307313, 0, 53.150729063673246, 46.61544808322666
49.09175083453431, 30.0, 28.231188426986208, 53.150729063673246, 0, 58.54912467321779
38.91015291668744, 62.03224967708329, 50.32891812864648, 46.61544808322666, 58.54912467321779, 0
